41201
41250
41240
41220
41280
41255
27603
27601
27602
60302
60301
60303
54411
21303
63104
63102
365010
365840
344030
344050
344920
722310
722010
722020
722034
28301
28304
28310
28305
36302
36301
50506
50514
50524
50504
50510
50508
50536
50521
50501
50538
50502
50503
23201
23211
23205
23208
23203
23206
23207
23215
23212
40001
40002
40004
40006
36449
36439
42601
42604
42602
47007
47003
47010
47001
47009
47002
47004
342750
342600
342800
25701
25706
25704
25702
20620
20606
20630
20610
20601
20605
70267
70269
61601
61605
61602
61603
35000
338050
40211
40277
73602
73603
73601
21890
21803
21805
65204
65201
65202